8.510295726570945574e-01 9.791604434180956051e-02
6.519217544361441963e-01 9.607932759408474022e-01
2.567200221614920341e-01 3.861809553684204532e-01
4.885501166345000978e-01 8.626569812819570027e-01
8.146725167268671353e-01 4.528130583257505837e-01
3.886441988245025181e-01 5.408725610504760972e-02
7.177307178284695333e-01 4.535602816092115797e-01
4.701942400007229628e-01 8.318694727348704410e-01
9.500990271331847259e-01 3.418425055603400153e-01
6.526040820052333435e-01 5.287539606254083591e-01
