00000000001000000000000000000000
00000001110111111111010000000000
00000000001000100010101000000000
00000000000000000001110100000000
00000000000000000000001100000000
00000000000000000000001010000000
00000000000000000000000110000000
00000000000000000000000011100000
00000000000000000000000001010000
00000000000000000000000001100000
00000000000000000000000001010000
00000000000000000000000000100000
00000000000000000000000001110000
00000000000000000000000001010000
00000000000000000000000111100000
00000000000000000000011101000000
00000000000000000000110100000000
00000000000000000011010000000000
00000000000000000111010000000000
00000000000000011010000000000000
00000000000000101100000000000000
00000000000011010000000000000000
00000000000101100000000000000000
00000000011110000000000000000000
00000001010100000000000000000000
00000101101000000000000000000000
00011110100000000000000000000000
11110101000000000000000000000000
10101101111101010110101010100100
11011011010111111011111111111011
00000000010000000100001000101110
00000000000000000000000000000001
